[2] [2] 10100000 10110010 10100000
[2] [8] 01100000 11100010 01100000
[2] [7] 10100000 11100010 10100000
[2] [3] 11100000 10000010 11100000
[2] [1] 11110000 11100010 11110000
[2] [6] 10000000 11000010 10000000
[2] [5] 10010000 00000010 10010000
[2] [None] 00010000 00010010 00010000
[2] [4] 01110000 00100010 01110000
[2] [0] 01110000 01010010 01110000
[8] [2] 10010000 10000100 10010000
[8] [8] 10110000 00110100 10110000
[8] [7] 10010000 11010100 10010000
[8] [3] 11010000 10110100 11010000
[8] [1] 11110000 11100100 11110000
[8] [6] 00100000 01100100 00100000
[8] [5] 10000000 00010100 10000000
[8] [None] 00100000 00100100 00100000
[8] [4] 01110000 00100100 01110000
[8] [0] 01010000 01110100 01010000
[7] [2] 01010000 01001100 01010000
[7] [8] 00100000 10101100 00100000
[7] [7] 00000000 01001100 00000000
[7] [3] 00010000 01111100 00010000
[7] [1] 11000000 11011100 11000000
[7] [6] 01000000 00001100 01000000
[7] [5] 00110000 10101100 00110000
[7] [None] 11110000 11111100 11110000
[7] [4] 10010000 11001100 10010000
[7] [0] 10100000 10001100 10100000
[3] [2] 10000000 10010001 10000000
[3] [8] 11100000 01100001 11100000
[3] [7] 10110000 11110001 10110000
[3] [3] 10000000 11100001 10000000
[3] [1] 01110000 01100001 01110000
[3] [6] 10000000 11000001 10000000
[3] [5] 10000000 00010001 10000000
[3] [None] 11010000 11010001 11010000
[3] [4] 11110000 10100001 11110000
[3] [0] 01110000 01010001 01110000
[1] [2] 01100000 01110011 01100000
[1] [8] 01010000 11010011 01010000
[1] [7] 11000000 10000011 11000000
[1] [3] 10000000 11100011 10000000
[1] [1] 10110000 10100011 10110000
[1] [6] 11000000 10000011 11000000
[1] [5] 10010000 00000011 10010000
[1] [None] 11110000 11110011 11110000
[1] [4] 00000000 01010011 00000000
[1] [0] 01000000 01100011 01000000
[6] [2] 11100000 11111000 11100000
[6] [8] 00110000 10111000 00110000
[6] [7] 11110000 10111000 11110000
[6] [3] 10010000 11111000 10010000
[6] [1] 01110000 01101000 01110000
[6] [6] 10100000 11101000 10100000
[6] [5] 11100000 01111000 11100000
[6] [None] 11110000 11111000 11110000
[6] [4] 00000000 01011000 00000000
[6] [0] 00000000 00101000 00000000
[5] [2] 00000000 00010100 00000000
[5] [8] 01100000 11100100 01100000
[5] [7] 11000000 10000100 11000000
[5] [3] 01000000 00100100 01000000
[5] [1] 11010000 11000100 11010000
[5] [6] 10010000 11010100 10010000
[5] [5] 10010000 00000100 10010000
[5] [None] 10000000 10000100 10000000
[5] [4] 11010000 10000100 11010000
[5] [0] 11110000 11010100 11110000
[None] [2] 11100000 11110000 11100000
[None] [8] 01110000 11110000 01110000
[None] [7] 00000000 01000000 00000000
[None] [3] 01010000 00110000 01010000
[None] [1] 00010000 00000000 00010000
[None] [6] 00110000 01110000 00110000
[None] [5] 01110000 11100000 01110000
[None] [None] 10100000 10100000 10100000
[None] [4] 10100000 11110000 10100000
[None] [0] 00110000 00010000 00110000
[4] [2] 00110000 00100101 00110000
[4] [8] 01110000 11110101 01110000
[4] [7] 11000000 10000101 11000000
[4] [3] 10010000 11110101 10010000
[4] [1] 01110000 01100101 01110000
[4] [6] 10110000 11110101 10110000
[4] [5] 10010000 00000101 10010000
[4] [None] 01100000 01100101 01100000
[4] [4] 11010000 10000101 11010000
[4] [0] 00110000 00010101 00110000
[0] [2] 10100000 10110001 10100000
[0] [8] 00110000 10110001 00110000
[0] [7] 11100000 10100001 11100000
[0] [3] 01100000 00000001 01100000
[0] [1] 01000000 01010001 01000000
[0] [6] 00110000 01110001 00110000
[0] [5] 00100000 10110001 00100000
[0] [None] 01100000 01100001 01100000
[0] [4] 11100000 10110001 11100000
[0] [0] 01110000 01010001 01110000