Measure error on qubit None
[None] [None] 11010000 11010000 11010000
[None] [1] 11100000 11110000 11100000
[None] [2] 00100000 00110000 00100000
[None] [0] 11010000 11110000 11010000
[1] [None] 00010000 00010011 00010000
[1] [1] 11000000 11010011 11000000
[1] [2] 00000000 00010011 00000000
[1] [0] 01010000 01110011 01010000
[2] [None] 10100000 10100010 10100000
[2] [1] 11000000 11010010 11000000
[2] [2] 10100000 10110010 10100000
[2] [0] 01000000 01100010 01000000
[0] [None] 11100000 11100001 11100000
[0] [1] 11110000 11100001 11110000
[0] [2] 11010000 11000001 11010000
[0] [0] 00100000 00000001 00100000

Measure error on qubit 0
[None] [None] 10000000 10000000 10000001
[None] [1] 00000000 00010000 00000001
[None] [2] 00110000 00100000 00110001
[None] [0] 00000000 00100000 00000001
[1] [None] 01010000 01010011 01010001
[1] [1] 01100000 01110011 01100001
[1] [2] 01100000 01110011 01100001
[1] [0] 11000000 11100011 11000001
[2] [None] 00110000 00110010 00110001
[2] [1] 01100000 01110010 01100001
[2] [2] 01010000 01000010 01010001
[2] [0] 01110000 01010010 01110001
[0] [None] 00000000 00000001 00000001
[0] [1] 11000000 11010001 11000001
[0] [2] 00000000 00010001 00000001
[0] [0] 00110000 00010001 00110001

Measure error on qubit 1
[None] [None] 11110000 11110000 11110010
[None] [1] 10000000 10010000 10000010
[None] [2] 11110000 11100000 11110010
[None] [0] 01000000 01100000 01000010
[1] [None] 11110000 11110011 11110010
[1] [1] 10000000 10010011 10000010
[1] [2] 01110000 01100011 01110010
[1] [0] 11100000 11000011 11100010
[2] [None] 10000000 10000010 10000010
[2] [1] 11100000 11110010 11100010
[2] [2] 00000000 00010010 00000010
[2] [0] 10110000 10010010 10110010
[0] [None] 00110000 00110001 00110010
[0] [1] 00100000 00110001 00100010
[0] [2] 01110000 01100001 01110010
[0] [0] 01100000 01000001 01100010

Measure error on qubit 2
[None] [None] 10100000 10100000 10100100
[None] [1] 10100000 10110000 10100100
[None] [2] 00010000 00000000 00010100
[None] [0] 00010000 00110000 00010100
[1] [None] 11000000 11000011 11000011
[1] [1] 10010000 10000011 10000011
[1] [2] 11110000 11100011 11100011
[1] [0] 10010000 10110011 10110011
[2] [None] 11100000 11100010 11100010
[2] [1] 01100000 01110010 01110010
[2] [2] 00000000 00010010 00010010
[2] [0] 10000000 10100010 10100010
[0] [None] 11000000 11000001 11000100
[0] [1] 10010000 10000001 10010100
[0] [2] 11000000 11010001 11000100
[0] [0] 00110000 00010001 00110100

Measure error on qubit 3
[None] [None] 10110000 10110000 10111000
[None] [1] 11010000 11000000 11011000
[None] [2] 01000000 01010000 01001000
[None] [0] 00010000 00110000 00011000
[1] [None] 00100000 00100011 00100011
[1] [1] 10110000 10100011 10100011
[1] [2] 11100000 11110011 11110011
[1] [0] 01010000 01110011 01110011
[2] [None] 11100000 11100010 11100010
[2] [1] 11100000 11110010 11110010
[2] [2] 01100000 01110010 01110010
[2] [0] 10110000 10010010 10010010
[0] [None] 11010000 11010001 11010001
[0] [1] 10110000 10100001 10100001
[0] [2] 11110000 11100001 11100001
[0] [0] 00110000 00010001 00010001

Measure error on qubit 4
[None] [None] 10110000 10110000 10100000
[None] [1] 01110000 01100000 01100000
[None] [2] 10000000 10010000 10010000
[None] [0] 00110000 00010000 00010000
[1] [None] 01010000 01010011 01000000
[1] [1] 10100000 10110011 10110000
[1] [2] 10000000 10010011 10010000
[1] [0] 10000000 10100011 10100011
[2] [None] 11000000 11000010 11010000
[2] [1] 01010000 01000010 01000000
[2] [2] 10110000 10100010 10100000
[2] [0] 01110000 01010010 01010010
[0] [None] 10110000 10110001 10100000
[0] [1] 01000000 01010001 01010000
[0] [2] 11000000 11010001 11010000
[0] [0] 00100000 00000001 00000001

Measure error on qubit 5
[None] [None] 10110000 10110000 10010000
[None] [1] 00000000 00010000 00010000
[None] [2] 10010000 10000000 10000000
[None] [0] 00110000 00010000 00010000
[1] [None] 11100000 11100011 11000000
[1] [1] 10100000 10110011 10110011
[1] [2] 01010000 01000011 01000011
[1] [0] 01110000 01010011 01010000
[2] [None] 01110000 01110010 01010000
[2] [1] 01010000 01000010 01000010
[2] [2] 10010000 10000010 10000010
[2] [0] 00010000 00110010 00110000
[0] [None] 01100000 01100001 01000000
[0] [1] 01110000 01100001 01100001
[0] [2] 11100000 11110001 11110001
[0] [0] 00110000 00010001 00010000

Measure error on qubit 6
[None] [None] 10100000 10100000 11100000
[None] [1] 10000000 10010000 11000000
[None] [2] 10110000 10100000 11110000
[None] [0] 01100000 01000000 00100000
[1] [None] 10100000 10100011 11100000
[1] [1] 11110000 11100011 10110000
[1] [2] 01000000 01010011 00000000
[1] [0] 01000000 01100011 00000000
[2] [None] 10010000 10010010 11010000
[2] [1] 00000000 00010010 01000000
[2] [2] 01110000 01100010 00110000
[2] [0] 10010000 10110010 11010000
[0] [None] 11100000 11100001 10100000
[0] [1] 00100000 00110001 01100000
[0] [2] 11100000 11110001 10100000
[0] [0] 01000000 01100001 00000000

Measure error on qubit 7
[None] [None] 00100000 00100000 10100000
[None] [1] 01110000 01100000 11110000
[None] [2] 11000000 11010000 01000000
[None] [0] 00110000 00010000 00010000
[1] [None] 11000000 11000011 01000000
[1] [1] 00110000 00100011 10110000
[1] [2] 00100000 00110011 10100000
[1] [0] 00100000 00000011 00000011
[2] [None] 00000000 00000010 10000000
[2] [1] 01000000 01010010 11000000
[2] [2] 00000000 00010010 10000000
[2] [0] 01000000 01100010 01100010
[0] [None] 10010000 10010001 00010000
[0] [1] 00100000 00110001 10100000
[0] [2] 01110000 01100001 11110000
[0] [0] 01100000 01000001 01000001
